[Machines]
Count=1

[Values]
AIDevider=12
ResponseTime=700
COM='COM1'

[Machine1]
Number=7
LZTCType=1
CZTCType=1
RZTCType=1
LZShift=1
CZShift=2
RZShift=3
SliderSpeed_1=10
SliderSpeed_2=10
SliderSpeed_3=10
SliderSpeed_4=8
SliderSpeed_5=6.5
SliderSpeed_6=5.19999980926514
SliderSpeed_7=4.69999980926514
SliderSpeed_8=4.30000019073486
SliderSpeed_9=3.90000009536743
SliderSpeed_10=3.59999990463257
SliderSpeed_11=3.40000009536743
SliderSpeed_12=3.29999995231628
SliderSpeed_13=3.09999990463257
SliderSpeed_14=3
SliderSpeed_15=2.90000009536743
SliderSpeed_16=2.84999990463257
SliderSpeed_17=2.79999995231628
SliderSpeed_18=2.70000004768372
SliderSpeed_19=2.59999990463257
SliderSpeed_20=2.40000009536743
SliderSpeed_21=2.29999995231628
SliderSpeed_22=2.20000004768372
SliderSpeed_23=2.09999990463257
SliderSpeed_24=2.04999995231628
SliderSpeed_25=2
SliderSpeed_26=2
SliderSpeed_27=2
SliderSpeed_28=2
SliderSpeed_29=2
SliderSpeed_30=2
LZCoeffP=1
LZCoeffI=2
LZCoeffD=3
CZCoeffP=4
CZCoeffI=5
CZCoeffD=6
RZCoeffP=7
RZCoeffI=8
RZCoeffD=9
AIAddress=5
AOFAddress=8
AOSAddress=3
DIAddress=6
DOAddress=7
Ch_AI_LZ=0
Ch_AI_CZ=1
Ch_AI_RZ=2
Ch_DI_Power=0
Ch_DI_LS=1
Ch_DI_RS=2
Ch_DI_LF=3
Ch_DI_RF=4
Ch_AO_LZ=0
Ch_AO_CZ=1
Ch_AO_RZ=2
Ch_DO_LS=4
Ch_DO_RS=3
Ch_DO_LF=5
Ch_DO_RF=7
Ch_DO_AUTO=0
Filter_On=1
Filter_Exponent=3
Filter_Size=30
DI_Invert=0
